# vtk DataFile Version 4.2
vtk output
ASCII
DATASET UNSTRUCTURED_GRID
POINTS 121 double
0 0 0 1 0 0 2 0 0 
3 0 0 4 0 0 5 0 0 
6 0 0 7 0 0 8 0 0 
9 0 0 10 0 0 0 1 0 
1 1 0 2 1 0 3 1 0 
4 1 0 5 1 0 6 1 0 
7 1 0 8 1 0 9 1 0 
10 1 0 0 2 0 1 2 0 
2 2 0 3 2 0 4 2 0 
5 2 0 6 2 0 7 2 0 
8 2 0 9 2 0 10 2 0 
0 3 0 1 3 0 2 3 0 
3 3 0 4 3 0 5 3 0 
6 3 0 7 3 0 8 3 0 
9 3 0 10 3 0 0 4 0 
1 4 0 2 4 0 3 4 0 
4 4 0 5 4 0 6 4 0 
7 4 0 8 4 0 9 4 0 
10 4 0 0 5 0 1 5 0 
2 5 0 3 5 0 4 5 0 
5 5 0 6 5 0 7 5 0 
8 5 0 9 5 0 10 5 0 
0 6 0 1 6 0 2 6 0 
3 6 0 4 6 0 5 6 0 
6 6 0 7 6 0 8 6 0 
9 6 0 10 6 0 0 7 0 
1 7 0 2 7 0 3 7 0 
4 7 0 5 7 0 6 7 0 
7 7 0 8 7 0 9 7 0 
10 7 0 0 8 0 1 8 0 
2 8 0 3 8 0 4 8 0 
5 8 0 6 8 0 7 8 0 
8 8 0 9 8 0 10 8 0 
0 9 0 1 9 0 2 9 0 
3 9 0 4 9 0 5 9 0 
6 9 0 7 9 0 8 9 0 
9 9 0 10 9 0 0 10 0 
1 10 0 2 10 0 3 10 0 
4 10 0 5 10 0 6 10 0 
7 10 0 8 10 0 9 10 0 
10 10 0 
CELLS 100 500
4 1 12 11 0 
4 2 13 12 1 
4 3 14 13 2 
4 4 15 14 3 
4 5 16 15 4 
4 6 17 16 5 
4 7 18 17 6 
4 8 19 18 7 
4 9 20 19 8 
4 10 21 20 9 
4 12 23 22 11 
4 13 24 23 12 
4 14 25 24 13 
4 15 26 25 14 
4 16 27 26 15 
4 17 28 27 16 
4 18 29 28 17 
4 19 30 29 18 
4 20 31 30 19 
4 21 32 31 20 
4 23 34 33 22 
4 24 35 34 23 
4 25 36 35 24 
4 26 37 36 25 
4 27 38 37 26 
4 28 39 38 27 
4 29 40 39 28 
4 30 41 40 29 
4 31 42 41 30 
4 32 43 42 31 
4 34 45 44 33 
4 35 46 45 34 
4 36 47 46 35 
4 37 48 47 36 
4 38 49 48 37 
4 39 50 49 38 
4 40 51 50 39 
4 41 52 51 40 
4 42 53 52 41 
4 43 54 53 42 
4 45 56 55 44 
4 46 57 56 45 
4 47 58 57 46 
4 48 59 58 47 
4 49 60 59 48 
4 50 61 60 49 
4 51 62 61 50 
4 52 63 62 51 
4 53 64 63 52 
4 54 65 64 53 
4 56 67 66 55 
4 57 68 67 56 
4 58 69 68 57 
4 59 70 69 58 
4 60 71 70 59 
4 61 72 71 60 
4 62 73 72 61 
4 63 74 73 62 
4 64 75 74 63 
4 65 76 75 64 
4 67 78 77 66 
4 68 79 78 67 
4 69 80 79 68 
4 70 81 80 69 
4 71 82 81 70 
4 72 83 82 71 
4 73 84 83 72 
4 74 85 84 73 
4 75 86 85 74 
4 76 87 86 75 
4 78 89 88 77 
4 79 90 89 78 
4 80 91 90 79 
4 81 92 91 80 
4 82 93 92 81 
4 83 94 93 82 
4 84 95 94 83 
4 85 96 95 84 
4 86 97 96 85 
4 87 98 97 86 
4 89 100 99 88 
4 90 101 100 89 
4 91 102 101 90 
4 92 103 102 91 
4 93 104 103 92 
4 94 105 104 93 
4 95 106 105 94 
4 96 107 106 95 
4 97 108 107 96 
4 98 109 108 97 
4 100 111 110 99 
4 101 112 111 100 
4 102 113 112 101 
4 103 114 113 102 
4 104 115 114 103 
4 105 116 115 104 
4 106 117 116 105 
4 107 118 117 106 
4 108 119 118 107 
4 109 120 119 108 

CELL_TYPES 100
7
7
7
7
7
7
7
7
7
7
7
7
7
7
7
7
7
7
7
7
7
7
7
7
7
7
7
7
7
7
7
7
7
